Filename			UTMX		UTMY		UTMZ		Omega		Phi		Kappa
100_0005_0001.JPG	292225.202265	4147587.117453	184.362047	-0.548929	0.167442	156.371025
100_0005_0002.JPG	292212.645879	4147561.550193	184.370369	-1.309624	-0.126341	161.213920
100_0005_0003.JPG	292200.069215	4147534.762479	184.422336	-1.417929	-0.260574	162.203105
100_0005_0004.JPG	292187.631008	4147507.828936	184.397560	-1.286730	-0.322917	163.647368
100_0005_0005.JPG	292175.306230	4147481.194756	184.370576	-1.298212	-0.309673	163.492188
100_0005_0006.JPG	292163.022418	4147454.439549	184.300562	-1.382263	-0.226344	163.603809
100_0005_0007.JPG	292150.969208	4147427.672323	184.286683	-1.364875	-0.197914	163.618877
100_0005_0008.JPG	292138.428942	4147400.686143	184.396628	-1.372270	-0.118108	163.429531
100_0005_0009.JPG	292125.845322	4147373.753013	184.409406	-1.267109	-0.042142	163.641768
100_0005_0010.JPG	292113.625196	4147346.894404	184.388151	-1.128096	-0.018116	163.286219
100_0005_0011.JPG	292101.203868	4147320.056410	184.372393	-0.993217	-0.007950	163.424501
100_0005_0012.JPG	292089.170526	4147293.307272	184.305115	-0.872775	-0.018605	162.958374
100_0005_0013.JPG	292076.414818	4147266.375965	184.450767	-0.734135	-0.024660	162.636695
100_0005_0014.JPG	292064.036777	4147239.410126	184.299580	-0.659698	-0.093351	163.032543
100_0005_0015.JPG	292051.640552	4147212.602491	184.391522	-0.496100	-0.081740	163.634697
100_0005_0018.JPG	292116.284040	4147192.118186	184.352601	0.089712	-0.669944	-20.376919
100_0005_0019.JPG	292128.690975	4147218.960273	184.413367	0.079000	-0.432258	-18.471503
100_0005_0020.JPG	292141.064417	4147245.941723	184.398659	-0.004177	-0.280318	-19.134860
100_0005_0021.JPG	292153.496120	4147272.902896	184.348781	-0.109161	-0.162272	-19.047638
100_0005_0022.JPG	292165.879280	4147299.788367	184.355242	-0.174668	-0.120789	-19.050447
100_0005_0023.JPG	292178.304926	4147326.608065	184.373704	-0.147930	-0.090886	-17.830825
100_0005_0024.JPG	292190.673838	4147353.518558	184.336391	-0.172263	-0.131696	-16.817378
100_0005_0025.JPG	292203.130140	4147380.183074	184.304054	-0.201459	-0.194571	-16.058248
100_0005_0026.JPG	292215.494333	4147407.223294	184.378448	-0.207925	-0.224878	-13.951313
100_0005_0027.JPG	292227.521379	4147433.941925	184.419172	-0.199829	-0.242881	-13.056631
100_0005_0028.JPG	292239.963401	4147460.742674	184.394637	-0.101190	-0.218440	-11.806918
100_0005_0029.JPG	292252.317767	4147487.968176	184.370520	-0.141230	-0.210592	-11.833651
100_0005_0030.JPG	292264.941686	4147514.585224	184.354003	-0.067374	-0.222202	-10.961870
100_0005_0031.JPG	292277.428656	4147541.499221	184.417364	-0.057877	-0.178453	-10.006668
100_0005_0035.JPG	292332.841897	4147501.212282	184.375176	-0.196766	0.266502	166.705053
100_0005_0036.JPG	292320.562162	4147474.314657	184.346240	-0.263703	0.181666	164.142905
100_0005_0037.JPG	292308.008225	4147447.454962	184.344893	-0.266418	0.117471	163.427695
100_0005_0038.JPG	292295.855903	4147420.520283	184.354004	-0.290468	0.099173	162.994299
100_0005_0039.JPG	292283.317040	4147393.774525	184.388706	-0.231946	0.043693	162.470347
100_0005_0040.JPG	292270.892242	4147366.874529	184.391500	-0.231359	0.010575	161.619276
100_0005_0041.JPG	292258.558331	4147339.972542	184.338423	-0.209841	0.023809	160.915796
100_0005_0042.JPG	292246.141540	4147313.103168	184.351915	-0.206174	0.050801	160.856510
100_0005_0043.JPG	292233.679851	4147286.210161	184.332423	-0.193424	0.078353	160.160246
100_0005_0044.JPG	292221.351850	4147259.363369	184.347252	-0.144135	0.053940	159.573977
100_0005_0045.JPG	292208.934449	4147232.565019	184.325332	-0.111697	0.096169	159.451055
100_0005_0046.JPG	292196.683452	4147205.747496	184.406772	-0.132783	0.097569	159.487950
100_0005_0047.JPG	292184.224476	4147178.783421	184.460420	-0.133794	0.040180	159.353831
100_0005_0048.JPG	292171.888387	4147152.220812	184.424091	-0.074802	0.070026	159.326781
100_0005_0051.JPG	292239.281752	4147137.443225	184.308339	0.012654	-0.848937	-22.414071
100_0005_0052.JPG	292251.639182	4147164.388269	184.371954	-0.020833	-0.622761	-20.616054
100_0005_0053.JPG	292263.892940	4147191.218387	184.415153	-0.067235	-0.389263	-20.401517
100_0005_0054.JPG	292276.301695	4147218.057254	184.374624	-0.138042	-0.245093	-19.931337
100_0005_0055.JPG	292288.752996	4147244.931817	184.372084	-0.135762	-0.154258	-19.250048
100_0005_0056.JPG	292301.141829	4147271.872806	184.375915	-0.120824	-0.140901	-18.168970
100_0005_0057.JPG	292313.514049	4147298.647809	184.393478	-0.096028	-0.144070	-17.105062
100_0005_0058.JPG	292325.935164	4147325.588103	184.354621	-0.070608	-0.171808	-15.965594
100_0005_0059.JPG	292338.263532	4147352.465599	184.372606	-0.040607	-0.178147	-14.965570
100_0005_0060.JPG	292350.709025	4147379.210919	184.370193	-0.038379	-0.155755	-13.742714
100_0005_0061.JPG	292363.027235	4147406.101079	184.353800	-0.020191	-0.148973	-12.593690
100_0005_0062.JPG	292375.340312	4147433.077961	184.293666	-0.012277	-0.119494	-12.038326
100_0005_0063.JPG	292387.774578	4147459.980955	184.349921	-0.002137	-0.097989	-11.222926
100_0005_0064.JPG	292400.365258	4147486.935488	184.373205	-0.002756	-0.084226	-10.432721
100_0005_0067.JPG	292462.863919	4147461.949612	184.390776	-0.031712	0.368133	176.484925
100_0005_0068.JPG	292450.536976	4147434.917553	184.427341	-0.293226	0.198921	164.964745
100_0005_0069.JPG	292438.066989	4147408.145067	184.368253	-0.354429	0.178433	164.347976
100_0005_0070.JPG	292425.837399	4147381.165972	184.266345	-0.408533	0.143633	163.215439
100_0005_0071.JPG	292413.352057	4147354.372246	184.355928	-0.335230	0.104523	162.209814
100_0005_0072.JPG	292400.922840	4147327.487477	184.297215	-0.234117	0.090603	161.850704
100_0005_0073.JPG	292388.465323	4147300.545107	184.424557	-0.292776	0.096722	161.011165
100_0005_0074.JPG	292376.198924	4147273.884776	184.352736	-0.259860	0.122460	160.422808
100_0005_0075.JPG	292363.702132	4147247.036094	184.321403	-0.201572	0.105848	160.161080
100_0005_0076.JPG	292351.342653	4147220.081804	184.335968	-0.145063	0.104359	159.141682
100_0005_0077.JPG	292338.896220	4147193.200915	184.304528	-0.140196	0.111870	158.923133
100_0005_0078.JPG	292326.581738	4147166.288954	184.322351	-0.094584	0.142941	158.465382
100_0005_0079.JPG	292314.264089	4147139.451035	184.392404	0.002542	0.120898	158.346655
100_0005_0080.JPG	292301.760965	4147112.574436	184.384536	0.053300	0.141104	158.108870
100_0005_0084.JPG	292364.681733	4147088.120407	184.398155	0.138041	-0.588080	-21.763484
100_0005_0085.JPG	292377.024436	4147114.985231	184.393084	0.100285	-0.372154	-20.434866
100_0005_0086.JPG	292389.541715	4147142.046642	184.385076	0.049579	-0.201761	-20.344690
100_0005_0087.JPG	292401.718496	4147168.866465	184.339420	0.045580	-0.127318	-19.769077
100_0005_0088.JPG	292414.106433	4147195.869434	184.433858	0.043471	-0.073931	-18.695183
100_0005_0089.JPG	292426.494645	4147222.505247	184.358494	0.035243	-0.030378	-18.282355
100_0005_0090.JPG	292438.983076	4147249.308112	184.348062	0.078455	-0.022691	-16.438436
100_0005_0091.JPG	292451.344744	4147276.364026	184.370498	0.041337	-0.055210	-15.445684
100_0005_0092.JPG	292463.714022	4147303.135724	184.359197	0.032425	-0.066512	-14.112571
100_0005_0093.JPG	292476.142652	4147330.008268	184.383159	0.058900	-0.074564	-12.621437
100_0005_0094.JPG	292488.427801	4147357.063166	184.386828	0.058618	-0.027799	-11.842353
100_0005_0095.JPG	292500.898966	4147383.894303	184.391373	0.073557	-0.040473	-11.311333
100_0005_0096.JPG	292513.265643	4147410.740572	184.354433	0.060775	-0.017752	-10.544256
100_0005_0097.JPG	292525.477407	4147436.717411	184.402679	0.076175	0.018553	-10.032430
