4432.00 2088.00 4312.00 2832.00
2416.00 328.00 2336.00 1048.00
1056.00 912.00 960.00 1600.00
1752.00 1704.00 1648.00 2408.00
1976.00 1096.00 1864.00 1808.00
4000.00 2624.00 3864.00 3392.00
4456.00 2544.00 4328.00 3288.00
1952.00 544.00 1856.00 1256.00
1376.00 2632.00 1256.00 3328.00
1160.00 2384.00 1040.00 3072.00
2976.00 1776.00 2832.00 2712.00
1584.00 336.00 1496.00 1040.00
4600.00 2480.00 4480.00 3232.00
1712.00 1592.00 1600.00 2296.00
1568.00 2496.00 1448.00 3192.00
1984.00 2320.00 1872.00 2992.00
1264.00 1200.00 1152.00 1936.00
1640.00 1856.00 1528.00 2560.00
4464.00 1528.00 4376.00 2304.00
3552.00 840.00 3416.00 1848.00
1656.00 2328.00 1520.00 3024.00
1360.00 1784.00 1248.00 2488.00
3808.00 2568.00 3680.00 3304.00
1256.00 1248.00 1144.00 1984.00
4592.00 528.00 4360.00 1984.00
4464.00 824.00 4328.00 1872.00
4456.00 2632.00 4328.00 3376.00
2136.00 1048.00 2040.00 1768.00
3640.00 1496.00 3496.00 2496.00
3544.00 1128.00 3440.00 1992.00
2280.00 1624.00 2168.00 2336.00
2720.00 2344.00 2592.00 3064.00
1840.00 656.00 1752.00 1368.00
560.00 352.00 496.00 1032.00
1840.00 656.00 1752.00 1368.00
1208.00 1880.00 1096.00 2568.00
4816.00 1672.00 4712.00 2432.00
1752.00 1944.00 1640.00 2648.00
424.00 776.00 328.00 1456.00
560.00 352.00 496.00 1032.00
4584.00 2136.00 4464.00 2888.00
1608.00 992.00 1512.00 1696.00
1976.00 320.00 1896.00 1032.00
5256.00 1928.00 5144.00 2688.00
1576.00 2312.00 1448.00 3008.00
4976.00 1776.00 4864.00 2536.00
1584.00 512.00 1496.00 1216.00
3840.00 1024.00 3712.00 2032.00
2720.00 2344.00 2592.00 3064.00
1176.00 2672.00 1048.00 3360.00
2352.00 400.00 2264.00 1120.00
2208.00 1600.00 2104.00 2312.00
4328.00 1144.00 4184.00 2184.00
2544.00 2456.00 2424.00 3168.00
4056.00 2632.00 3920.00 3400.00
3928.00 2056.00 3784.00 2968.00
2024.00 1000.00 1912.00 1712.00
3224.00 2064.00 3096.00 2968.00
1104.00 1752.00 992.00 2448.00
3216.00 920.00 3080.00 1912.00
3448.00 2008.00 3304.00 2912.00
4464.00 2520.00 4344.00 3256.00
2056.00 1992.00 1944.00 2696.00
2536.00 1728.00 2432.00 2472.00
3400.00 1808.00 3256.00 2720.00
1704.00 824.00 1608.00 1544.00
1752.00 1704.00 1648.00 2408.00
3744.00 2712.00 3616.00 3440.00
3528.00 2568.00 3408.00 3296.00
3584.00 264.00 3464.00 1256.00
3392.00 232.00 3272.00 1224.00
1576.00 808.00 1480.00 1512.00
2480.00 296.00 2400.00 1016.00
3304.00 328.00 3184.00 1312.00
1440.00 2648.00 1320.00 3344.00
5112.00 1480.00 5008.00 2240.00
1720.00 1568.00 1616.00 2272.00
1952.00 824.00 1856.00 1536.00
2872.00 1304.00 2728.00 2296.00
2264.00 1528.00 2160.00 2240.00
4136.00 528.00 4008.00 1544.00
3208.00 952.00 3072.00 1936.00
1896.00 560.00 1808.00 1272.00
4208.00 848.00 4072.00 1880.00
3400.00 1808.00 3256.00 2720.00
1480.00 1608.00 1368.00 2304.00
4912.00 1272.00 4808.00 2032.00
3696.00 1040.00 3552.00 2040.00
3720.00 1448.00 3568.00 2448.00
1024.00 896.00 928.00 1584.00
3736.00 784.00 3608.00 1784.00
1088.00 2688.00 960.00 3376.00
4096.00 1888.00 3952.00 2808.00
1976.00 2192.00 1848.00 2888.00
1984.00 208.00 1904.00 920.00
4496.00 2544.00 4368.00 3296.00
3680.00 288.00 3560.00 1288.00
1936.00 784.00 1840.00 1496.00
5024.00 2416.00 4896.00 3176.00
1904.00 824.00 1816.00 1544.00
4976.00 1776.00 4864.00 2536.00
1608.00 848.00 1512.00 1552.00
3176.00 1336.00 3032.00 2328.00
2320.00 456.00 2232.00 1176.00
1752.00 680.00 1656.00 1384.00
3216.00 368.00 3096.00 1360.00
4680.00 2240.00 4560.00 2992.00
1736.00 968.00 1640.00 1672.00
3304.00 328.00 3184.00 1312.00
1728.00 2704.00 1600.00 3400.00
2384.00 2248.00 2264.00 2960.00
4880.00 1200.00 4776.00 1960.00
3808.00 1048.00 3672.00 2056.00
1408.00 2272.00 1296.00 2968.00
5112.00 2432.00 4992.00 3192.00
2256.00 1504.00 2160.00 2216.00
4968.00 552.00 4872.00 1336.00
344.00 1888.00 232.00 2560.00
1560.00 2200.00 1440.00 2904.00
3160.00 1400.00 3016.00 2384.00
1120.00 1664.00 1008.00 2368.00
3288.00 648.00 3160.00 1640.00
4584.00 2136.00 4464.00 2888.00
1976.00 448.00 1888.00 1160.00
1272.00 1288.00 1168.00 2008.00
1272.00 2176.00 1152.00 2880.00
2000.00 2520.00 1888.00 3176.00
3416.00 2560.00 3288.00 3288.00
1864.00 2200.00 1744.00 2904.00
2288.00 1568.00 2176.00 2280.00
3240.00 1856.00 3104.00 2752.00
744.00 584.00 656.00 1272.00
3472.00 248.00 3352.00 1240.00
3488.00 2680.00 3360.00 3416.00
328.00 656.00 232.00 1328.00
1008.00 952.00 912.00 1640.00
3160.00 296.00 3032.00 1280.00
1416.00 1320.00 1296.00 2040.00
1720.00 1936.00 1608.00 2640.00
1904.00 2584.00 1776.00 3288.00
3328.00 248.00 3208.00 1240.00
344.00 1888.00 232.00 2560.00
2776.00 2456.00 2648.00 3176.00
4832.00 1448.00 4728.00 2208.00
1904.00 608.00 1816.00 1328.00
3416.00 680.00 3288.00 1672.00
2768.00 2504.00 2648.00 3232.00
3496.00 1256.00 3344.00 2288.00
1064.00 1800.00 952.00 2496.00
4568.00 1056.00 4304.00 2592.00
4328.00 1144.00 4184.00 2184.00
1624.00 1944.00 1504.00 2648.00
3304.00 328.00 3184.00 1312.00
1864.00 888.00 1768.00 1600.00
3584.00 1424.00 3440.00 2424.00
5032.00 1376.00 4928.00 2136.00
4088.00 2224.00 3944.00 3136.00
4696.00 2304.00 4568.00 3056.00
4304.00 2296.00 4176.00 3072.00
1704.00 1624.00 1592.00 2328.00
4592.00 1280.00 4504.00 2040.00
2312.00 1032.00 2216.00 1752.00
2168.00 1792.00 2056.00 2504.00
3296.00 1080.00 3160.00 2072.00
4160.00 544.00 4032.00 1560.00
2056.00 320.00 1976.00 1032.00
2616.00 2104.00 2496.00 2824.00
968.00 1032.00 864.00 1720.00
2696.00 1608.00 2584.00 2336.00
2544.00 632.00 2456.00 1344.00
3584.00 1424.00 3440.00 2424.00
768.00 448.00 680.00 1136.00
3736.00 784.00 3608.00 1784.00
4072.00 856.00 3944.00 1880.00
3952.00 2120.00 3808.00 3032.00
1448.00 384.00 1360.00 1088.00
312.00 752.00 216.00 1424.00
3832.00 576.00 3704.00 1576.00
3824.00 1360.00 3680.00 2368.00
3736.00 1024.00 3600.00 2024.00
1792.00 1816.00 1680.00 2520.00
2352.00 912.00 2256.00 1632.00
2544.00 632.00 2456.00 1344.00
3736.00 344.00 3616.00 1344.00
1720.00 2224.00 1600.00 2928.00
1008.00 952.00 912.00 1640.00
2032.00 1992.00 1920.00 2712.00
664.00 456.00 576.00 1136.00
5272.00 960.00 5176.00 1728.00
1992.00 248.00 1912.00 960.00
2312.00 1104.00 2216.00 1816.00
3856.00 880.00 3720.00 1880.00
1096.00 576.00 1008.00 1256.00
1024.00 2248.00 904.00 2952.00
1600.00 2480.00 1472.00 3176.00
2024.00 2112.00 1904.00 2832.00
1992.00 536.00 1904.00 1248.00
1944.00 1840.00 1832.00 2544.00
2464.00 2432.00 2344.00 3144.00
1800.00 568.00 1712.00 1272.00
3552.00 1080.00 3448.00 1944.00
1576.00 1840.00 1464.00 2544.00
3528.00 2104.00 3384.00 3008.00
2616.00 2104.00 2496.00 2824.00
1096.00 1120.00 1000.00 1792.00
1912.00 664.00 1816.00 1384.00
4656.00 1832.00 4544.00 2584.00
1624.00 1696.00 1512.00 2392.00
3680.00 2512.00 3552.00 3248.00
1952.00 544.00 1856.00 1256.00
4560.00 2224.00 4440.00 2976.00
4904.00 1376.00 4800.00 2136.00
3640.00 2096.00 3488.00 3008.00
2552.00 584.00 2464.00 1312.00
1832.00 2336.00 1712.00 3040.00
464.00 792.00 368.00 1464.00
3352.00 2544.00 3224.00 3272.00
1088.00 2392.00 968.00 3080.00
1432.00 456.00 1344.00 1152.00
3560.00 2112.00 3408.00 3016.00
1720.00 1936.00 1608.00 2640.00
1432.00 2680.00 1312.00 3376.00
2248.00 1080.00 2152.00 1800.00
3384.00 2560.00 3256.00 3288.00
1608.00 1056.00 1512.00 1760.00
4872.00 1632.00 4768.00 2392.00
1800.00 840.00 1704.00 1552.00
3352.00 2544.00 3224.00 3272.00
4272.00 2432.00 4144.00 3192.00
2176.00 632.00 2088.00 1352.00
3672.00 1336.00 3528.00 2336.00
1352.00 416.00 1264.00 1112.00
5032.00 1376.00 4928.00 2136.00
304.00 896.00 208.00 1568.00
3392.00 1024.00 3256.00 2016.00
1480.00 2152.00 1360.00 2848.00
1272.00 2736.00 1144.00 3424.00
2416.00 432.00 2328.00 1152.00
4256.00 2496.00 4128.00 3264.00
4088.00 1024.00 3952.00 2040.00
1504.00 2472.00 1376.00 3168.00
3400.00 944.00 3264.00 1936.00
2024.00 1000.00 1912.00 1712.00
1656.00 408.00 1568.00 1112.00
2200.00 664.00 2112.00 1384.00
3160.00 296.00 3032.00 1280.00
4000.00 1296.00 3848.00 2312.00
3712.00 1400.00 3568.00 2400.00
3816.00 744.00 3680.00 1752.00
3680.00 2608.00 3544.00 3344.00
1816.00 600.00 1720.00 1312.00
864.00 912.00 744.00 1592.00
3024.00 936.00 2888.00 1928.00
2928.00 1224.00 2784.00 2224.00
4008.00 2080.00 3864.00 2992.00
1136.00 2672.00 1016.00 3360.00
2376.00 224.00 2288.00 928.00
1952.00 872.00 1856.00 1584.00
3736.00 912.00 3600.00 1912.00
1752.00 1944.00 1640.00 2648.00
1856.00 504.00 1768.00 1216.00
3664.00 1040.00 3528.00 2040.00
1888.00 2304.00 1768.00 3008.00
1944.00 392.00 1856.00 1104.00
4040.00 816.00 3904.00 1832.00
4168.00 936.00 4032.00 1960.00
4928.00 840.00 4824.00 1624.00
1968.00 504.00 1880.00 1216.00
4352.00 1304.00 4208.00 2352.00
640.00 2456.00 528.00 3128.00
1976.00 320.00 1896.00 1032.00
4160.00 544.00 4032.00 1560.00
4080.00 568.00 3952.00 1584.00
1520.00 1840.00 1408.00 2536.00
4824.00 1520.00 4720.00 2280.00
2752.00 1328.00 2648.00 2048.00
1272.00 1288.00 1168.00 2008.00
1072.00 888.00 976.00 1576.00
1936.00 744.00 1848.00 1464.00
2120.00 1544.00 2008.00 2272.00
4088.00 2120.00 3944.00 3032.00
4712.00 2248.00 4592.00 3000.00
3496.00 2696.00 3368.00 3432.00
4360.00 2416.00 4232.00 3168.00
3408.00 1856.00 3264.00 2760.00
4352.00 1304.00 4208.00 2352.00
1232.00 1416.00 1120.00 2120.00
3544.00 1128.00 3440.00 1992.00
2352.00 976.00 2248.00 1688.00
3744.00 1000.00 3608.00 2000.00
2552.00 432.00 2464.00 1152.00
1632.00 2624.00 1504.00 3320.00
1144.00 2216.00 1024.00 2904.00
3496.00 856.00 3360.00 1864.00
1056.00 2720.00 928.00 3408.00
3280.00 2008.00 3120.00 2912.00
3904.00 928.00 3768.00 1936.00
4656.00 2000.00 4560.00 2664.00
1576.00 2576.00 1440.00 3272.00
312.00 648.00 216.00 1320.00
